WordCount:404
LineCount:7
a:8.176100628930817%
b:1.257861635220126%
c:2.401372212692967%
d:4.288164665523156%
e:12.578616352201259%
f:2.7444253859348198%
g:1.9439679817038307%
h:5.946255002858777%
i:6.746712407089765%
j:0.34305317324185247%
k:0.8004574042309892%
l:4.9170954831332185%
m:2.3441966838193253%
n:7.318467695826186%
o:8.290451686678102%
p:1.5437392795883362%
q:0.0%
r:5.374499714122356%
s:6.518010291595197%
t:8.747855917667238%
u:2.5728987993138936%
v:0.9148084619782733%
w:1.4865637507146943%
x:0.0%
y:2.7444253859348198%
z:0.0%
